[gd_scene load_steps=2 format=3 uid="uid://g2yaqtv747hf"]

[ext_resource type="PackedScene" uid="uid://i2uu67jur0ay" path="res://addons/kaykit_character_pack_adventures/Characters/gltf/Mage.glb" id="1_wiw0l"]

[node name="Mage" instance=ExtResource("1_wiw0l")]

[node name="Skeleton3D" parent="Rig" index="0"]
bones/1/position = Vector3(4.95044e-10, 0.391623, -0.00207636)
bones/1/rotation = Quaternion(0, 0.0345621, 0, 0.999403)
bones/2/rotation = Quaternion(-0.0125376, -0.000572006, 0.00965056, 0.999875)
bones/3/rotation = Quaternion(-5.30997e-10, 2.92879e-09, -1.06199e-09, 1)
bones/4/position = Vector3(0.213309, 0.136028, 0.0150395)
bones/4/rotation = Quaternion(-0.631802, -0.0900031, -0.506547, 0.579773)
bones/5/rotation = Quaternion(5.41047e-09, -5.13179e-08, -0.678233, 0.734847)
bones/7/rotation = Quaternion(-0.348398, -0.41281, 0.119745, 0.832988)
bones/8/position = Vector3(8.34843e-10, 0.0961252, -0.0575)
bones/8/rotation = Quaternion(-3.6586e-09, 6.87811e-09, -0.707107, 0.707107)
bones/11/position = Vector3(-0.210703, 0.136028, 0.0149902)
bones/11/rotation = Quaternion(-0.644283, 0.131417, 0.567956, 0.49503)
bones/12/rotation = Quaternion(1.86152e-08, 5.29516e-08, 0.595728, 0.803186)
bones/14/rotation = Quaternion(-0.321602, 0.384611, -0.133774, 0.85484)
bones/15/position = Vector3(-1.5736e-08, 0.0961251, -0.0575)
bones/15/rotation = Quaternion(-1.02444e-09, -4.24391e-09, 0.707107, 0.707107)
bones/18/rotation = Quaternion(-3.6148e-10, -0.0188943, 2.65546e-09, 0.999821)
bones/21/position = Vector3(0.170945, 0.113587, 1.59941e-08)
bones/21/rotation = Quaternion(0.994641, 0.0796012, 0.0641415, 0.0154546)
bones/22/rotation = Quaternion(0.208648, 6.3303e-08, -1.37826e-07, 0.977991)
bones/23/rotation = Quaternion(-0.527535, -0.192596, 0.0447235, 0.826204)
bones/24/rotation = Quaternion(-9.74065e-09, 0.920355, -0.391084, 7.8309e-08)
bones/25/position = Vector3(-0.170945, 0.113587, 1.55755e-08)
bones/25/rotation = Quaternion(0.996895, -0.0290313, 0.0226232, 0.0696103)
bones/26/rotation = Quaternion(0.282668, -6.69698e-08, 1.98114e-07, 0.959218)
bones/27/rotation = Quaternion(-0.55881, 0.114526, -0.00846084, 0.821306)
bones/28/rotation = Quaternion(3.03591e-08, 0.920355, -0.391084, -6.95338e-08)
bones/29/rotation = Quaternion(0.707107, -2.29302e-07, -4.60552e-08, 0.707107)
bones/30/position = Vector3(0.202182, 0.0259903, 0.205181)
bones/30/rotation = Quaternion(-0.707107, -7.05285e-08, -7.05285e-08, 0.707107)
bones/31/rotation = Quaternion(5.28113e-09, 5.2649e-10, 0.988187, -0.153253)
bones/32/position = Vector3(-2.60494e-08, 0.213436, -5.1715e-09)
bones/32/rotation = Quaternion(-1.01273e-07, 0.391084, 0.920355, -3.35091e-08)
bones/33/position = Vector3(8.58988e-09, 0.16565, -2.40963e-09)
bones/34/rotation = Quaternion(1, -2.33136e-09, 1.99777e-07, -1.34211e-15)
bones/36/rotation = Quaternion(0.707107, -3.82385e-08, 1.45009e-07, 0.707107)
bones/37/rotation = Quaternion(-0.707107, -7.05285e-08, -7.05285e-08, 0.707107)
bones/38/rotation = Quaternion(-5.83589e-09, 6.43837e-10, 0.994809, 0.101756)
bones/39/position = Vector3(-1.11482e-08, 0.213436, -2.50942e-15)
bones/39/rotation = Quaternion(-1.05796e-07, 0.391084, 0.920355, -2.58643e-08)
bones/40/position = Vector3(-6.31128e-09, 0.16565, 2.70695e-09)
bones/41/rotation = Quaternion(1, 3.76526e-09, 1.94879e-07, 7.45058e-09)
bones/43/position = Vector3(0.453507, 1.0289, -0.580035)
bones/43/rotation = Quaternion(-0.707107, -7.27951e-08, -7.27951e-08, 0.707107)
bones/44/position = Vector3(0.513657, 0.901219, -0.00594691)
bones/44/rotation = Quaternion(0.771878, 0.150062, 0.595162, 0.165735)
bones/45/position = Vector3(-0.453507, 1.0289, -0.580035)
bones/45/rotation = Quaternion(-0.707107, -7.27951e-08, -7.27951e-08, 0.707107)
bones/46/position = Vector3(-0.52166, 0.837834, 0.101265)
bones/46/rotation = Quaternion(-0.741872, 0.131133, 0.63217, -0.181082)

[node name="Spellbook" parent="Rig/Skeleton3D" index="0"]
transform = Transform3D(0.0352808, 0.967805, 0.249214, -0.899509, -0.0779096, 0.429899, 0.435474, -0.239338, 0.867801, 0.573654, 0.897441, 0.327006)

[node name="Spellbook_open" parent="Rig/Skeleton3D" index="1"]
transform = Transform3D(0.0352808, 0.967805, 0.249214, -0.899509, -0.0779096, 0.429899, 0.435474, -0.239338, 0.867801, 0.543661, 0.845702, 0.222564)
visible = false

[node name="1H_Wand" parent="Rig/Skeleton3D" index="2"]
transform = Transform3D(-0.0337742, -0.167141, 0.985354, 0.899899, 0.423823, 0.102736, -0.434787, 0.890189, 0.136097, -0.498359, 0.718201, 0.202293)

[node name="2H_Staff" parent="Rig/Skeleton3D" index="3"]
transform = Transform3D(-0.0337742, -0.167141, 0.985354, 0.899899, 0.423823, 0.102736, -0.434787, 0.890189, 0.136097, -0.498359, 0.718201, 0.202293)
visible = false

[node name="Mage_Hat" parent="Rig/Skeleton3D" index="4"]
transform = Transform3D(0.999332, -0.0280065, 0.0234955, 0.0202461, 0.959149, 0.282175, -0.0304384, -0.28151, 0.959075, -0.0248814, 1.76947, -0.0301849)

[node name="Mage_Cape" parent="Rig/Skeleton3D" index="5"]
transform = Transform3D(0.997487, -0.0209711, 0.0676788, 0.019313, 0.999499, 0.0250611, -0.0681705, -0.023691, 0.997392, -0.012965, 1.20152, -0.016723)
visible = false

[node name="AnimationPlayer" parent="." index="1"]
autoplay = "Cheer"
