[gd_scene load_steps=6 format=3 uid="uid://ccyngebgch5oh"]

[ext_resource type="PackedScene" uid="uid://b3r57e7y0g4u3" path="res://addons/kaykit_character_pack_adventures/Characters/gltf/Knight.glb" id="1_ey4h0"]
[ext_resource type="Script" path="res://Characters/knight.gd" id="2_atgiw"]
[ext_resource type="Script" path="res://demo/src/CameraManager.gd" id="3_rug3g"]

[sub_resource type="CapsuleShape3D" id="CapsuleShape3D_gqv7m"]
radius = 0.608589
height = 2.50217

[sub_resource type="SphereShape3D" id="SphereShape3D_2tfac"]

[node name="Knight" instance=ExtResource("1_ey4h0")]
script = ExtResource("2_atgiw")

[node name="Skeleton3D" parent="Rig" index="0"]
bones/1/position = Vector3(0, 0.392064, 0)
bones/4/rotation = Quaternion(-0.587952, -0.108446, -0.645398, 0.475408)
bones/5/rotation = Quaternion(1.17522e-08, -4.73552e-08, -0.497385, 0.86753)
bones/7/rotation = Quaternion(-0.316677, -0.347579, 0.228998, 0.852329)
bones/8/position = Vector3(8.34801e-10, 0.096125, -0.0575)
bones/8/rotation = Quaternion(-3.6586e-09, 6.87811e-09, -0.707107, 0.707107)
bones/14/rotation = Quaternion(-0.580281, 0.158285, 0.666053, 0.441127)
bones/15/rotation = Quaternion(8.19857e-09, 4.56512e-08, 0.424971, 0.905207)
bones/17/rotation = Quaternion(-0.350236, 0.291473, -0.196762, 0.868138)
bones/18/position = Vector3(-8.34843e-10, 0.0961252, -0.0575)
bones/18/rotation = Quaternion(-1.02444e-09, -4.24391e-09, 0.707107, 0.707107)
bones/24/position = Vector3(0.170945, 0.113587, 1.39233e-08)
bones/24/rotation = Quaternion(0.995891, -1.28407e-07, -1.6118e-08, 0.0905607)
bones/25/rotation = Quaternion(0.29132, 6.60488e-08, -2.02312e-07, 0.956626)
bones/26/rotation = Quaternion(-0.554911, -3.32515e-08, 7.40745e-09, 0.83191)
bones/27/rotation = Quaternion(-3.04791e-08, 0.920355, -0.391084, 6.94848e-08)
bones/28/position = Vector3(-0.170945, 0.113587, 1.39233e-08)
bones/28/rotation = Quaternion(0.995891, 1.34625e-07, -2.73067e-08, 0.0905607)
bones/29/rotation = Quaternion(0.29132, -6.60488e-08, 2.02312e-07, 0.956626)
bones/30/rotation = Quaternion(-0.554911, 1.98049e-07, -7.89184e-08, 0.83191)
bones/31/rotation = Quaternion(3.04791e-08, 0.920355, -0.391084, -6.94848e-08)
bones/32/rotation = Quaternion(0.707107, -2.29302e-07, -4.60552e-08, 0.707107)
bones/33/rotation = Quaternion(-0.707107, -7.05285e-08, -7.05285e-08, 0.707107)
bones/35/rotation = Quaternion(-1.04035e-07, 0.391084, 0.920355, -2.9526e-08)
bones/37/rotation = Quaternion(1, -3.10863e-15, 1.94707e-07, -3.45869e-22)
bones/39/rotation = Quaternion(0.707107, -3.82385e-08, 1.45009e-07, 0.707107)
bones/40/rotation = Quaternion(-0.707107, -7.05285e-08, -7.05285e-08, 0.707107)
bones/41/rotation = Quaternion(7.10544e-15, -1.38321e-22, 1, -2.33983e-34)
bones/42/rotation = Quaternion(-1.04035e-07, 0.391084, 0.920355, -2.95261e-08)
bones/44/rotation = Quaternion(1, 4.44087e-16, 1.94707e-07, 1.54616e-29)
bones/46/rotation = Quaternion(-0.707107, -7.27951e-08, -7.27951e-08, 0.707107)
bones/47/position = Vector3(0.520841, 0.788312, 0.0370294)
bones/47/rotation = Quaternion(0.794627, -1.11759e-07, 0.607098, -5.96046e-08)
bones/48/rotation = Quaternion(-0.707107, -7.27951e-08, -7.27951e-08, 0.707107)
bones/49/position = Vector3(-0.539244, 0.783579, 0.0597369)
bones/49/rotation = Quaternion(0.758253, 1.52737e-07, -0.651961, 1.11759e-08)

[node name="1H_Sword_Offhand" parent="Rig/Skeleton3D" index="0"]
transform = Transform3D(3.52814e-07, 0.262863, 0.964832, 0.999999, -2.65413e-07, 9.13915e-08, 6.21655e-07, 0.964832, -0.262863, 0.508806, 0.640899, 0.10466)
visible = false

[node name="Badge_Shield" parent="Rig/Skeleton3D" index="1"]
transform = Transform3D(3.7523e-07, 0.262863, 0.964832, 0.999999, -2.80059e-06, 7.58853e-07, 3.24313e-06, 0.964832, -0.262863, 0.659209, 0.6409, 0.0636838)
visible = false

[node name="Rectangle_Shield" parent="Rig/Skeleton3D" index="2"]
transform = Transform3D(3.7523e-07, 0.262863, 0.964832, 0.999999, -2.80059e-06, 7.58853e-07, 3.24313e-06, 0.964832, -0.262863, 0.659209, 0.6409, 0.0636838)
visible = false

[node name="Round_Shield" parent="Rig/Skeleton3D" index="3"]
transform = Transform3D(3.7523e-07, 0.262863, 0.964832, 0.999999, -2.80059e-06, 7.58853e-07, 3.24313e-06, 0.964832, -0.262863, 0.659209, 0.6409, 0.0636838)
visible = false

[node name="Spike_Shield" parent="Rig/Skeleton3D" index="4"]
transform = Transform3D(3.7523e-07, 0.262863, 0.964832, 0.999999, -2.80059e-06, 7.58853e-07, 3.24313e-06, 0.964832, -0.262863, 0.659209, 0.6409, 0.0636838)
visible = false

[node name="1H_Sword" parent="Rig/Skeleton3D" index="5"]
transform = Transform3D(-3.19938e-07, -0.149894, 0.988701, 0.999999, -4.74029e-07, -2.98022e-08, 9.04511e-07, 0.988701, 0.149894, -0.529447, 0.637449, 0.13567)

[node name="2H_Sword" parent="Rig/Skeleton3D" index="6"]
transform = Transform3D(-3.35678e-07, -0.149894, 0.988701, 0.999999, -4.88763e-07, -1.61163e-08, 9.17027e-07, 0.988701, 0.149894, -0.529447, 0.637449, 0.13567)
visible = false

[node name="Knight_Helmet" parent="Rig/Skeleton3D" index="7"]
transform = Transform3D(1, -2.20965e-22, 1.69407e-21, 2.20965e-22, 1, 0, -1.69407e-21, 3.58732e-43, 1, 4.76837e-07, 1.20229, -1.08542e-07)
visible = false

[node name="Knight_Cape" parent="Rig/Skeleton3D" index="8"]
transform = Transform3D(1, 1.25214e-21, 0, -1.25214e-21, 1, 0, 0, 0, 1, 0, 1.20229, -1.4066e-07)
visible = false

[node name="CollisionShape3D" type="CollisionShape3D" parent="." index="2"]
transform = Transform3D(1, 0, 0, 0, 1, 0, 0, 0, 1, -0.019989, 1.17277, 0.0803833)
shape = SubResource("CapsuleShape3D_gqv7m")

[node name="CameraManager" type="Node3D" parent="." index="3"]
script = ExtResource("3_rug3g")

[node name="Arm" type="SpringArm3D" parent="CameraManager" index="0"]
unique_name_in_owner = true
transform = Transform3D(1, 0, 0, 0, 0.906308, 0.422618, 0, -0.422618, 0.906308, 0, 2.32515, -0.0321627)
shape = SubResource("SphereShape3D_2tfac")
spring_length = 6.0
margin = 0.5

[node name="Camera3D" type="Camera3D" parent="CameraManager/Arm" index="0"]
unique_name_in_owner = true
near = 0.25
far = 16384.0
