[gd_scene load_steps=5 format=3 uid="uid://cs8jk87jswiu7"]

[ext_resource type="PackedScene" uid="uid://b3r57e7y0g4u3" path="res://addons/kaykit_character_pack_adventures/Characters/gltf/Knight.glb" id="1_qykp5"]
[ext_resource type="Script" uid="uid://3hik3db0x4h6" path="res://demo/src/CameraManager.gd" id="2_08v4a"]

[sub_resource type="CapsuleShape3D" id="CapsuleShape3D_gqv7m"]
radius = 0.608589
height = 2.50217

[sub_resource type="SphereShape3D" id="SphereShape3D_2tfac"]

[node name="Knight" instance=ExtResource("1_qykp5")]

[node name="Skeleton3D" parent="Rig" index="0"]
bones/1/position = Vector3(4.35612e-18, 0.360311, 1.03858e-24)
bones/2/rotation = Quaternion(-0.00723403, 0.276256, 0.0152899, 0.960935)
bones/3/rotation = Quaternion(2.33052e-09, -3.64144e-10, 0.0436194, 0.999048)
bones/4/position = Vector3(0.212007, 0.134132, 9.07613e-08)
bones/4/rotation = Quaternion(-0.56384, -0.212443, -0.653659, 0.457911)
bones/5/rotation = Quaternion(2.08117e-08, -5.54644e-08, -0.519024, 0.85476)
bones/7/rotation = Quaternion(-0.452288, -0.192832, -0.0938204, 0.865708)
bones/8/position = Vector3(8.34829e-10, 0.0961251, -0.0575)
bones/8/rotation = Quaternion(1.60975e-09, 1.60976e-09, -0.707107, 0.707107)
bones/14/position = Vector3(-0.212007, 0.134132, 8.07324e-08)
bones/14/rotation = Quaternion(-0.753542, 0.223982, 0.317679, 0.530176)
bones/15/rotation = Quaternion(4.1127e-08, 5.05969e-08, 0.637947, 0.770081)
bones/17/rotation = Quaternion(-0.190251, 0.499366, 0.0904826, 0.840387)
bones/18/position = Vector3(-8.34822e-10, 0.0961251, -0.0575)
bones/18/rotation = Quaternion(1.60973e-09, -1.60973e-09, 0.707107, 0.707107)
bones/21/rotation = Quaternion(0.0436194, 1.74789e-09, -1.86442e-09, 0.999048)
bones/24/position = Vector3(0.170945, 0.113587, 0.02)
bones/24/rotation = Quaternion(0.945631, -1.5637e-07, -2.05876e-10, 0.325241)
bones/25/rotation = Quaternion(0.376612, 6.39599e-08, -2.61545e-07, 0.926371)
bones/26/rotation = Quaternion(-0.644513, -4.28065e-08, 2.31524e-08, 0.764593)
bones/27/rotation = Quaternion(-3.04791e-08, 0.920355, -0.391084, 6.94848e-08)
bones/28/position = Vector3(-0.170945, 0.0935873, -0.02)
bones/28/rotation = Quaternion(0.999008, 2.53588e-07, 3.15133e-08, -0.0445213)
bones/29/rotation = Quaternion(0.674615, -5.09658e-08, 4.68498e-07, 0.73817)
bones/30/rotation = Quaternion(-0.714633, 2.7822e-07, -2.9711e-07, 0.699499)
bones/31/rotation = Quaternion(1.01465e-07, 0.767443, -0.641118, -1.10931e-07)
bones/32/rotation = Quaternion(0.707107, -2.29302e-07, -4.60552e-08, 0.707107)
bones/33/position = Vector3(0.170945, 0.175613, 0.431855)
bones/33/rotation = Quaternion(-0.866347, -4.81625e-08, -8.80646e-08, 0.499443)
bones/34/position = Vector3(4.55695e-09, 0.362833, -2.42861e-15)
bones/34/rotation = Quaternion(6.66135e-15, -1.38321e-22, 1, -1.16009e-34)
bones/35/position = Vector3(-2.60494e-08, 0.213436, 1.0343e-08)
bones/35/rotation = Quaternion(-1.04035e-07, 0.391084, 0.920355, -2.95261e-08)
bones/36/position = Vector3(-6.31128e-09, 0.16565, 5.25162e-09)
bones/37/rotation = Quaternion(1, -1.33227e-15, 1.94707e-07, 0)
bones/39/rotation = Quaternion(0.707107, -3.82385e-08, 1.45009e-07, 0.707107)
bones/40/position = Vector3(-0.170945, -0.0391851, -0.0758827)
bones/40/rotation = Quaternion(-0.401708, -9.3657e-08, -3.77511e-08, 0.915768)
bones/41/position = Vector3(1.94581e-08, 0.362833, -7.45058e-09)
bones/41/rotation = Quaternion(6.55033e-15, -1.38321e-22, 1, -1.11022e-16)
bones/42/position = Vector3(-1.11482e-08, 0.213436, 5.36347e-09)
bones/42/rotation = Quaternion(-1.04035e-07, 0.391084, 0.920355, -2.95261e-08)
bones/43/position = Vector3(8.58989e-09, 0.16565, -2.26735e-08)
bones/44/rotation = Quaternion(1, 8.88176e-16, 1.94707e-07, 8.64673e-23)
bones/46/position = Vector3(0.453508, 0.88116, -0.883876)
bones/46/rotation = Quaternion(-0.707107, -7.27951e-08, -7.27951e-08, 0.707107)
bones/47/position = Vector3(0.513182, 0.86398, -0.177878)
bones/47/rotation = Quaternion(0.681712, 0.187798, 0.681712, 0.187798)
bones/48/position = Vector3(-0.453507, 0.88116, -0.883876)
bones/48/rotation = Quaternion(-0.707107, -7.27951e-08, -7.27951e-08, 0.707107)
bones/49/position = Vector3(-0.513182, 0.897135, 0.303351)
bones/49/rotation = Quaternion(-0.551742, 0.442245, 0.551742, -0.442245)

[node name="1H_Sword_Offhand" parent="Rig/Skeleton3D" index="0"]
transform = Transform3D(3.85446e-07, 2.38418e-07, 0.999999, 0.858926, 0.512098, -1.90467e-07, -0.512098, 0.858927, -1.52581e-07, 0.516185, 0.754217, -0.091607)
visible = false

[node name="Badge_Shield" parent="Rig/Skeleton3D" index="1"]
transform = Transform3D(-2.82016e-07, 3.17864e-08, 0.999999, 0.858928, 0.512096, 4.88651e-07, -0.512096, 0.858928, -3.16904e-07, 0.67207, 0.754217, -0.0916071)
visible = false

[node name="Rectangle_Shield" parent="Rig/Skeleton3D" index="2"]
transform = Transform3D(-2.82016e-07, 3.17864e-08, 0.999999, 0.858928, 0.512096, 4.88651e-07, -0.512096, 0.858928, -3.16904e-07, 0.67207, 0.754217, -0.0916071)
visible = false

[node name="Round_Shield" parent="Rig/Skeleton3D" index="3"]
transform = Transform3D(-2.82016e-07, 3.17864e-08, 0.999999, 0.858928, 0.512096, 4.88651e-07, -0.512096, 0.858928, -3.16904e-07, 0.67207, 0.754217, -0.0916071)
visible = false

[node name="Spike_Shield" parent="Rig/Skeleton3D" index="4"]
transform = Transform3D(-2.82016e-07, 3.17864e-08, 0.999999, 0.858928, 0.512096, 4.88651e-07, -0.512096, 0.858928, -3.16904e-07, 0.67207, 0.754217, -0.0916071)
visible = false

[node name="1H_Sword" parent="Rig/Skeleton3D" index="5"]
transform = Transform3D(-2.38419e-07, -2.40403e-07, 0.999999, 0.217679, 0.97602, 1.85753e-07, -0.97602, 0.217679, 1.13345e-07, -0.485979, 0.896802, 0.470709)
visible = false

[node name="2H_Sword" parent="Rig/Skeleton3D" index="6"]
transform = Transform3D(-2.52105e-07, -2.40403e-07, 0.999999, 0.217679, 0.97602, 1.88732e-07, -0.97602, 0.217679, 9.99876e-08, -0.485979, 0.896802, 0.470709)
visible = false

[node name="Knight_Helmet" parent="Rig/Skeleton3D" index="7"]
transform = Transform3D(0.840765, -0.0604054, 0.53802, 0.112398, 0.99158, -0.0643159, -0.529604, 0.114547, 0.840475, -0.0397544, 1.16877, 0.00601187)
visible = false

[node name="Knight_Cape" parent="Rig/Skeleton3D" index="8"]
transform = Transform3D(0.840765, -0.107067, 0.530708, 0.112398, 0.993412, 0.0223507, -0.529604, 0.0408586, 0.84726, -0.0385634, 1.16872, 0.00789368)
visible = false

[node name="AnimationPlayer" parent="." index="1"]
autoplay = "Walking_Backwards"

[node name="CollisionShape3D" type="CollisionShape3D" parent="." index="2"]
transform = Transform3D(1, 0, 0, 0, 1, 0, 0, 0, 1, -0.019989, 1.17277, 0.0803833)
shape = SubResource("CapsuleShape3D_gqv7m")

[node name="CameraManager" type="Node3D" parent="." index="3"]
script = ExtResource("2_08v4a")

[node name="Arm" type="SpringArm3D" parent="CameraManager" index="0"]
unique_name_in_owner = true
transform = Transform3D(1, 0, 0, 0, 0.906308, 0.422618, 0, -0.422618, 0.906308, 0, 2.32515, -0.0321627)
shape = SubResource("SphereShape3D_2tfac")
spring_length = 6.0
margin = 0.5

[node name="Camera3D" type="Camera3D" parent="CameraManager/Arm" index="0"]
unique_name_in_owner = true
near = 0.25
far = 16384.0
