[gd_scene load_steps=3 format=3 uid="uid://qtgj25c82k1e"]

[ext_resource type="PackedScene" uid="uid://coha1ico7cjx5" path="res://addons/kaykit_character_pack_adventures/Characters/gltf/Rogue.glb" id="1_vl2p3"]
[ext_resource type="Script" uid="uid://c1gwn4sh886s5" path="res://Characters/rogue.gd" id="2_pqcut"]

[node name="Rogue" instance=ExtResource("1_vl2p3")]
script = ExtResource("2_pqcut")

[node name="Skeleton3D" parent="Rig" index="0"]
bones/1/position = Vector3(2.48408e-09, 0.344815, -0.010419)
bones/2/rotation = Quaternion(-0.0629417, 0.00116593, -0.0196709, 0.997823)
bones/3/rotation = Quaternion(-0.0306417, 0.000176665, 0.0013355, 0.99953)
bones/4/position = Vector3(0.215282, 0.143644, 0.075617)
bones/4/rotation = Quaternion(-0.480747, -0.670413, -0.457446, 0.331921)
bones/5/rotation = Quaternion(2.23465e-08, -3.48321e-08, -0.467551, 0.883966)
bones/7/rotation = Quaternion(0.0435834, -0.766031, -0.331028, 0.549288)
bones/8/position = Vector3(8.34843e-10, 0.0961252, -0.0575)
bones/8/rotation = Quaternion(-3.6586e-09, 6.87811e-09, -0.707107, 0.707107)
bones/10/position = Vector3(-0.208746, 0.143643, 0.0755416)
bones/10/rotation = Quaternion(-0.387024, 0.756258, 0.428105, 0.30824)
bones/11/rotation = Quaternion(3.14507e-08, 7.50268e-08, 0.259799, 0.965663)
bones/13/rotation = Quaternion(-0.0432729, 0.807663, 0.314912, 0.496628)
bones/14/position = Vector3(-1.5736e-08, 0.0961251, -0.0575)
bones/14/rotation = Quaternion(-1.02444e-09, -4.24391e-09, 0.707107, 0.707107)
bones/19/rotation = Quaternion(-0.0306684, 0.0315585, 0.00037449, 0.999031)
bones/21/position = Vector3(0.170945, 0.113587, 1.59941e-08)
bones/21/rotation = Quaternion(0.987761, 0.0710309, 0.031062, 0.13534)
bones/22/rotation = Quaternion(0.533681, 5.75791e-08, -3.64516e-07, 0.845686)
bones/23/rotation = Quaternion(-0.712756, -0.109494, 0.0790629, 0.688287)
bones/24/rotation = Quaternion(-9.74126e-09, 0.920355, -0.391084, 7.8309e-08)
bones/25/position = Vector3(-0.170945, 0.113587, 1.55755e-08)
bones/25/rotation = Quaternion(0.976889, -0.0288938, -0.0153755, 0.211225)
bones/26/rotation = Quaternion(0.563718, -5.86023e-08, 3.91764e-07, 0.825967)
bones/27/rotation = Quaternion(-0.688404, 0.110479, -0.0316512, 0.716165)
bones/28/rotation = Quaternion(3.03597e-08, 0.920355, -0.391084, -6.95338e-08)
bones/29/rotation = Quaternion(0.707107, -2.29302e-07, -4.60551e-08, 0.707107)
bones/30/position = Vector3(0.202182, 0.0259903, 0.205181)
bones/30/rotation = Quaternion(-0.707107, -7.05285e-08, -7.05285e-08, 0.707107)
bones/31/rotation = Quaternion(5.27863e-09, 5.26242e-10, 0.995755, -0.0920393)
bones/32/position = Vector3(-2.60494e-08, 0.213436, -5.1715e-09)
bones/32/rotation = Quaternion(-1.01273e-07, 0.391084, 0.920355, -3.35091e-08)
bones/33/position = Vector3(8.58988e-09, 0.16565, -2.40963e-09)
bones/34/rotation = Quaternion(1, -2.33136e-09, 1.99777e-07, -1.34211e-15)
bones/36/rotation = Quaternion(0.707107, -3.82385e-08, 1.45009e-07, 0.707107)
bones/37/rotation = Quaternion(-0.707107, -7.05285e-08, -7.05285e-08, 0.707107)
bones/38/rotation = Quaternion(-5.83589e-09, 6.43837e-10, 0.994809, 0.101756)
bones/39/position = Vector3(-1.11482e-08, 0.213436, -2.50942e-15)
bones/39/rotation = Quaternion(-1.05796e-07, 0.391084, 0.920355, -2.58643e-08)
bones/40/position = Vector3(-6.31128e-09, 0.16565, 2.70695e-09)
bones/41/rotation = Quaternion(1, 3.76526e-09, 1.94879e-07, 7.45058e-09)
bones/43/position = Vector3(0.453507, 0.716049, -0.544579)
bones/43/rotation = Quaternion(-0.707107, -7.27951e-08, -7.27951e-08, 0.707107)
bones/44/position = Vector3(0.541266, 1.21877, 0.266388)
bones/44/rotation = Quaternion(0.166189, 0.601229, 0.129451, 0.77081)
bones/45/position = Vector3(-0.453507, 0.716049, -0.544579)
bones/45/rotation = Quaternion(-0.707107, -7.27951e-08, -7.27951e-08, 0.707107)
bones/46/position = Vector3(-0.508651, 1.33249, 0.243281)
bones/46/rotation = Quaternion(-0.16101, 0.629871, 0.135838, -0.747587)

[node name="Knife_Offhand" parent="Rig/Skeleton3D" index="0"]
transform = Transform3D(-0.000222992, 0.243236, 0.969966, -0.910954, 0.400069, -0.100534, -0.412506, -0.883617, 0.221488, 0.511275, 1.34818, 0.352724)
visible = false

[node name="1H_Crossbow" parent="Rig/Skeleton3D" index="1"]
transform = Transform3D(0.985525, -0.169525, 0.000208895, 0.069637, 0.405952, 0.911236, -0.154562, -0.898033, 0.411881, -0.487186, 1.36815, 0.286838)
visible = false

[node name="2H_Crossbow" parent="Rig/Skeleton3D" index="2"]
transform = Transform3D(0.985525, -0.169525, 0.000208895, 0.069637, 0.405952, 0.911236, -0.154562, -0.898033, 0.411881, -0.487186, 1.36815, 0.286838)
visible = false

[node name="Knife" parent="Rig/Skeleton3D" index="3"]
transform = Transform3D(-0.000208888, -0.169525, 0.985525, -0.911236, 0.405952, 0.0696369, -0.411881, -0.898033, -0.154562, -0.48892, 1.46769, 0.320631)
visible = false

[node name="Throwable" parent="Rig/Skeleton3D" index="4"]
transform = Transform3D(-0.000208872, -0.169525, 0.985525, -0.911236, 0.405952, 0.0696369, -0.411881, -0.898033, -0.154562, -0.519476, 1.54086, 0.158764)
visible = false

[node name="Rogue_Cape" parent="Rig/Skeleton3D" index="5"]
transform = Transform3D(0.999322, 0.036063, 0.00746074, -0.0368215, 0.981852, 0.186039, -0.000616211, -0.186188, 0.982514, 0.0234377, 1.14735, -0.102827)

[node name="AnimationPlayer" parent="." index="1"]
autoplay = "Cheer"
